Telemetry[5]:
    device_id: sensor-2824|sensor-2424|sensor-4257|sensor-1106|sensor-6514
    timestamp: 2025-01-01T00:00:00|2025-01-01T00:05:00|2025-01-01T00:10:00|2025-01-01T00:15:00|2025-01-01T00:20:00
    temperature: 18.35|26.27|28.02|28.62|19.43
    humidity: 43.75|31.59|65.07|37.98|49.0
    pressure: 998.93|993.75|1006.78|1006.9|1004.36
    battery_level: 23|39|67|45|54
    location:
        lat: 40.564088|36.623172|38.553111|28.576028|38.885699
        lon: -75.930124|-123.540522|-80.481325|-72.353281|-80.607945